HARMONIC 7 1 13.45 1.16
HARMONIC 8 1 16.58 1.24
LINEAR 8 2 15.00 1.25
HARMONIC 10 0 23.87 1.88
HARMONIC 10 2 21.36 1.25
LINEAR 11 2 24.56 1.26
LINEAR 13 3 28.21 1.60
LINEAR 14 0 36.40 3.19
LINEAR 15 2 35.20 1.83
LINEAR 15 8 20.42 1.06
LINEAR 16 2 34.80 1.88
HARMONIC 16 4 30.04 1.64
HARMONIC 16 5 29.08 1.47
HARMONIC 16 6 26.28 1.59
HARMONIC 16 8 20.16 1.52
HARMONIC 16 11 10.51 1.43
HARMONIC 16 12 9.26 1.28
HARMONIC 18 0 34.83 2.13
HARMONIC 20 1 31.22 1.34
LINEAR 21 1 32.35 1.48
LINEAR 22 2 28.26 0.95
LINEAR 22 15 14.14 1.49
LINEAR 22 16 11.46 1.14
LINEAR 23 2 25.67 0.99
LINEAR 23 3 23.01 1.11
LINEAR 24 16 14.12 1.36
HARMONIC 25 16 15.81 0.91
LINEAR 26 1 25.47 1.60
LINEAR 26 16 17.34 1.22
LINEAR 27 15 20.76 2.02
LINEAR 28 2 27.40 1.56
LINEAR 28 3 25.03 0.91
HARMONIC 29 16 19.98 1.18
LINEAR 30 16 18.82 1.51
LINEAR 31 14 21.09 1.13
HARMONIC 32 3 31.69 1.01
LINEAR 33 1 39.07 1.72
HARMONIC 33 3 35.00 1.06
LINEAR 34 13 19.97 2.07
LINEAR 34 14 20.19 1.95
LINEAR 34 17 16.09 1.85
LINEAR 35 2 34.62 1.46
HARMONIC 36 1 37.16 1.51
LINEAR 36 4 31.04 1.21
LINEAR 36 30 15.23 0.96
LINEAR 37 0 36.24 2.58
HARMONIC 37 1 35.06 1.61
LINEAR 37 2 33.13 1.77
LINEAR 37 7 22.26 1.28
LINEAR 38 3 27.42 1.51
HARMONIC 39 0 34.02 2.10
HARMONIC 39 16 12.05 1.58
LINEAR 40 2 28.06 1.54
LINEAR 40 16 14.94 1.99
HARMONIC 41 1 29.18 1.40
HARMONIC 41 16 15.39 1.60
HARMONIC 41 27 13.46 0.92
LINEAR 42 35 12.35 1.18
LINEAR 43 3 19.60 1.08
HARMONIC 43 33 17.21 0.92
LINEAR 44 0 22.18 2.23
HARMONIC 45 2 18.91 1.11
HARMONIC 45 16 21.65 1.49
LINEAR 46 36 22.30 1.36
LINEAR 47 29 12.53 1.06
LINEAR 47 37 23.26 1.51
HARMONIC 49 2 15.57 1.79
LINEAR 49 18 25.39 1.17
LINEAR 49 31 22.83 1.42
HARMONIC 49 34 29.14 1.00
HARMONIC 49 35 27.62 0.92
LINEAR 49 36 29.67 1.17
LINEAR 50 3 15.89 2.06
HARMONIC 50 13 30.87 0.92
LINEAR 50 34 32.41 1.23
LINEAR 51 2 14.09 2.32
LINEAR 51 3 13.88 2.46
HARMONIC 51 29 21.02 1.09
LINEAR 52 3 11.22 2.10
LINEAR 53 1 13.94 1.78
HARMONIC 53 15 32.05 1.05
HARMONIC 53 29 18.04 1.03
LINEAR 53 33 28.47 1.09
LINEAR 53 34 28.79 1.00
LINEAR 53 37 27.30 1.49
LINEAR 54 0 13.95 2.30
LINEAR 54 15 28.93 1.48
LINEAR 54 29 17.39 1.01
HARMONIC 57 0 20.10 2.09
LINEAR 58 1 21.93 1.36
HARMONIC 59 3 19.72 1.58
LINEAR 60 2 26.15 1.34
LINEAR 60 3 23.29 1.50
HARMONIC 60 16 10.12 1.57
HARMONIC 61 0 30.75 2.07
LINEAR 61 1 29.59 1.94
LINEAR 61 2 27.92 1.41
LINEAR 61 15 8.67 1.08
LINEAR 61 16 9.59 1.43
HARMONIC 62 2 31.57 1.51
LINEAR 62 14 7.88 1.00
HARMONIC 62 28 21.13 0.94
HARMONIC 62 30 22.16 0.95
LINEAR 62 40 8.09 1.06
HARMONIC 63 3 30.58 1.68
LINEAR 63 15 4.72 1.03
HARMONIC 63 16 7.50 1.31
LINEAR 63 35 16.45 1.59
LINEAR 63 40 11.76 1.12
HARMONIC 64 3 33.15 1.81
LINEAR 64 28 26.45 1.24
HARMONIC 64 33 23.05 1.08
HARMONIC 64 37 14.53 1.23
HARMONIC 65 18 18.49 0.92
HARMONIC 65 31 28.16 0.98
LINEAR 65 32 25.41 1.21
LINEAR 65 33 26.64 1.41
LINEAR 65 34 24.57 1.37
HARMONIC 65 36 18.66 1.11
HARMONIC 66 0 40.08 2.22
LINEAR 66 1 38.90 1.77
HARMONIC 67 0 36.75 2.23
HARMONIC 69 1 31.59 1.64
HARMONIC 69 63 11.03 0.97
LINEAR 71 14 10.30 1.32
LINEAR 71 16 13.56 1.56
LINEAR 72 18 19.69 0.99
HARMONIC 73 0 29.34 2.43
LINEAR 73 1 28.11 2.10
LINEAR 73 2 26.31 1.94
LINEAR 74 0 26.61 3.27
HARMONIC 75 1 24.08 1.60
LINEAR 75 65 14.83 1.01
LINEAR 76 4 18.24 0.92
LINEAR 77 2 17.54 2.17
HARMONIC 77 16 22.60 1.51
LINEAR 78 2 17.51 1.85
HARMONIC 78 51 24.07 0.99
HARMONIC 78 65 19.56 0.97
HARMONIC 79 50 21.89 0.98
LINEAR 80 2 17.53 1.48
HARMONIC 80 3 15.18 1.62
LINEAR 80 16 19.02 1.22
LINEAR 80 51 21.38 1.04
HARMONIC 81 0 23.10 1.83
HARMONIC 82 2 23.59 1.04
HARMONIC 82 3 21.17 1.40
HARMONIC 83 3 24.72 1.46
LINEAR 85 0 34.68 2.30
HARMONIC 86 3 33.76 1.28
HARMONIC 86 33 19.72 0.94
HARMONIC 86 36 19.73 1.12
LINEAR 87 1 38.90 1.37
LINEAR 87 50 33.52 0.95
LINEAR 89 0 41.83 2.53
LINEAR 89 2 40.32 1.67
LINEAR 89 34 23.30 1.99
LINEAR 89 51 39.24 0.93
LINEAR 90 34 26.82 1.94
HARMONIC 90 36 24.80 1.31
HARMONIC 90 66 23.09 0.93
LINEAR 91 2 39.97 1.62
LINEAR 91 14 9.10 0.99
HARMONIC 91 35 24.93 1.09
HARMONIC 91 36 23.33 1.36
LINEAR 91 41 25.89 1.31
LINEAR 91 72 19.85 0.89
LINEAR 92 14 6.78 0.99
HARMONIC 92 15 9.03 0.95
HARMONIC 92 37 21.80 0.94
LINEAR 93 2 36.25 1.57
LINEAR 93 3 34.00 1.53
HARMONIC 94 1 38.02 1.20
LINEAR 94 51 39.03 1.05
LINEAR 94 66 21.10 1.15
HARMONIC 95 3 32.71 1.77
HARMONIC 95 36 23.52 1.12
LINEAR 95 50 35.76 0.99
HARMONIC 95 65 14.28 0.93
HARMONIC 96 0 33.42 1.94
LINEAR 96 1 32.70 1.41
HARMONIC 96 63 13.03 1.04
LINEAR 97 0 33.94 2.51
HARMONIC 97 1 33.26 1.26
HARMONIC 97 2 32.66 1.49
HARMONIC 97 50 34.49 1.06
LINEAR 98 0 34.60 2.77
LINEAR 98 62 15.50 1.15
LINEAR 98 63 12.72 1.36
LINEAR 99 2 29.64 1.69
LINEAR 99 50 32.39 1.20
LINEAR 99 63 11.02 1.16
HARMONIC 100 50 31.31 1.00
LINEAR 100 65 16.90 1.15
LINEAR 101 1 30.52 1.95
LINEAR 101 3 27.78 1.70
HARMONIC 101 34 32.75 1.00
LINEAR 101 65 16.38 1.35
HARMONIC 102 34 30.54 0.96
LINEAR 102 50 34.39 1.24
HARMONIC 102 63 13.00 1.33
HARMONIC 102 65 13.26 1.15
LINEAR 103 0 27.35 3.07
LINEAR 103 65 15.58 1.10
LINEAR 105 34 34.45 1.55
HARMONIC 106 16 22.22 1.18
LINEAR 106 64 17.29 1.15
HARMONIC 107 0 24.70 2.67
HARMONIC 107 2 22.68 2.13
LINEAR 107 49 28.53 1.11
LINEAR 107 52 29.23 1.05
HARMONIC 107 64 20.11 1.02
LINEAR 108 2 23.34 2.45
HARMONIC 109 0 23.01 3.12
HARMONIC 109 5 22.81 0.96
LINEAR 109 41 27.41 0.95
HARMONIC 109 48 30.36 0.91
LINEAR 109 49 29.57 1.18
LINEAR 109 51 31.67 1.56
LINEAR 109 52 29.73 1.31
LINEAR 109 65 24.84 1.41
LINEAR 110 28 32.08 1.15
HARMONIC 110 42 23.40 1.05
HARMONIC 110 65 25.25 1.15
HARMONIC 111 0 17.10 2.87
HARMONIC 111 1 16.38 1.87
HARMONIC 111 2 16.06 2.09
HARMONIC 111 3 15.10 2.06
HARMONIC 111 16 28.92 1.38
HARMONIC 111 51 25.59 1.34
LINEAR 112 65 26.55 1.22
HARMONIC 113 2 19.00 1.63
HARMONIC 113 3 17.28 1.81
LINEAR 113 50 24.65 1.29
LINEAR 113 51 25.20 1.26
LINEAR 113 63 20.49 1.07
LINEAR 114 2 19.03 1.61
HARMONIC 114 16 21.52 1.14
LINEAR 114 50 22.04 1.27
LINEAR 115 1 22.67 1.33
LINEAR 115 2 22.25 1.52
LINEAR 115 16 18.46 0.95
LINEAR 116 3 21.67 1.33
HARMONIC 116 16 17.15 0.93
HARMONIC 116 18 15.05 0.91
HARMONIC 116 51 24.11 0.93
HARMONIC 117 36 23.99 0.91
LINEAR 118 36 21.71 0.91
LINEAR 119 34 22.59 1.42
LINEAR 120 1 33.71 1.45
LINEAR 120 3 30.70 1.18
LINEAR 121 0 37.76 1.88
LINEAR 121 34 18.25 1.70
LINEAR 121 49 26.89 0.94
HARMONIC 121 50 29.87 1.09
LINEAR 122 0 38.16 2.09
HARMONIC 122 34 21.42 1.22
HARMONIC 123 36 22.27 1.15
LINEAR 124 1 42.72 1.70
HARMONIC 124 33 19.53 0.99
LINEAR 125 29 23.84 1.29
HARMONIC 125 35 26.00 0.90
LINEAR 125 50 34.61 1.24
HARMONIC 126 14 22.88 1.05
HARMONIC 126 33 24.84 1.06
LINEAR 126 49 35.93 1.06
HARMONIC 127 0 46.65 1.85
LINEAR 127 14 19.82 1.02
HARMONIC 127 15 19.67 1.07
LINEAR 127 68 32.16 1.01
HARMONIC 128 0 44.01 1.81
LINEAR 128 1 43.49 1.40
LINEAR 128 3 40.91 1.40
HARMONIC 128 14 18.38 1.05
HARMONIC 128 34 26.47 1.32
LINEAR 128 36 26.74 1.58
LINEAR 128 49 34.29 0.98
HARMONIC 129 1 44.50 1.27
LINEAR 129 2 44.04 1.39
LINEAR 129 3 41.83 1.57
LINEAR 129 68 29.37 1.14
LINEAR 130 3 39.33 1.59
LINEAR 130 16 17.04 1.33
HARMONIC 130 68 28.28 0.94
LINEAR 130 110 32.62 1.67
LINEAR 131 14 19.58 0.96
LINEAR 131 15 21.12 1.34
LINEAR 131 109 33.73 1.50
LINEAR 132 2 38.02 1.25
HARMONIC 132 16 19.28 0.96
LINEAR 132 34 30.02 1.60
LINEAR 133 2 38.89 1.27
LINEAR 133 15 23.77 1.15
HARMONIC 133 16 22.69 0.90
HARMONIC 133 50 33.87 1.14
HARMONIC 134 14 20.12 1.03
LINEAR 134 34 34.04 1.60
LINEAR 134 50 34.99 1.12
LINEAR 134 64 26.81 0.91
HARMONIC 135 3 33.58 1.36
HARMONIC 135 50 32.05 1.08
LINEAR 136 0 33.91 1.70
HARMONIC 136 3 32.11 1.20
HARMONIC 136 34 32.15 1.06
HARMONIC 136 36 31.13 0.97
HARMONIC 136 51 32.36 0.93
HARMONIC 137 34 35.33 1.06
LINEAR 137 110 26.01 2.01
LINEAR 138 0 33.55 1.92
HARMONIC 138 36 31.63 0.94
HARMONIC 138 63 22.27 0.93
HARMONIC 139 1 29.78 1.18
HARMONIC 139 52 30.39 0.92
HARMONIC 139 63 22.29 0.95
LINEAR 139 65 26.57 1.12
HARMONIC 140 40 32.35 0.92
LINEAR 140 51 31.37 1.13
HARMONIC 140 63 25.93 0.97
HARMONIC 141 0 31.84 2.14
LINEAR 141 2 31.86 1.52
LINEAR 141 36 35.14 1.05
HARMONIC 141 51 33.81 1.14
LINEAR 142 0 28.83 2.11
LINEAR 142 34 35.45 1.66
HARMONIC 142 63 23.08 1.10
HARMONIC 143 109 18.75 1.30
HARMONIC 144 1 25.00 1.17
LINEAR 144 63 23.13 1.06
LINEAR 144 64 26.06 0.99
HARMONIC 145 18 18.73 0.93
LINEAR 145 50 22.68 1.17
LINEAR 145 52 25.36 1.05
LINEAR 145 109 22.52 1.73
HARMONIC 146 0 29.05 1.94
HARMONIC 146 3 26.93 1.12
HARMONIC 146 109 24.85 1.03
HARMONIC 146 110 23.28 1.03
LINEAR 147 1 28.93 1.55
LINEAR 147 52 25.81 1.15
LINEAR 148 109 30.11 1.41
LINEAR 149 0 32.19 2.07
LINEAR 149 34 20.48 1.39
LINEAR 150 2 33.75 1.10
HARMONIC 150 68 28.67 0.91
HARMONIC 152 0 37.92 2.01
LINEAR 152 16 15.50 1.05
LINEAR 152 35 15.87 1.76
HARMONIC 152 41 22.87 0.92
LINEAR 152 51 29.96 0.91
LINEAR 153 1 36.36 1.67
LINEAR 153 33 14.28 1.14
HARMONIC 153 50 25.43 1.26
HARMONIC 154 15 20.86 0.95
LINEAR 154 36 19.83 1.21
LINEAR 154 49 19.49 1.27
LINEAR 158 1 24.43 1.71
HARMONIC 158 15 21.49 0.99
LINEAR 162 1 18.45 1.63
LINEAR 163 16 22.37 1.13
LINEAR 164 3 15.99 1.16
HARMONIC 165 0 15.90 1.68
HARMONIC 165 1 15.06 1.36
HARMONIC 166 52 13.23 0.96
HARMONIC 167 65 30.21 0.93
LINEAR 168 0 13.69 1.56
LINEAR 168 1 12.80 1.15
HARMONIC 168 3 10.87 1.14
LINEAR 168 51 16.58 1.12
LINEAR 171 0 12.90 2.28
LINEAR 171 18 27.24 1.23
HARMONIC 171 34 35.97 0.97
HARMONIC 171 50 19.31 1.06
LINEAR 171 51 19.40 1.31
HARMONIC 172 16 30.31 1.47
HARMONIC 172 50 18.73 1.12
HARMONIC 172 109 14.33 0.92
LINEAR 173 1 8.09 1.27
HARMONIC 173 37 35.01 0.98
HARMONIC 173 49 17.33 1.09
HARMONIC 173 52 16.50 1.27
HARMONIC 173 110 13.70 0.90
LINEAR 174 2 12.56 1.57
HARMONIC 174 3 12.89 0.91
HARMONIC 174 41 31.03 1.00
LINEAR 174 48 22.10 1.18
LINEAR 174 52 20.06 1.47
LINEAR 174 68 31.15 0.94
HARMONIC 174 74 23.57 0.91
LINEAR 174 76 19.29 1.02
HARMONIC 174 109 14.81 1.11
HARMONIC 174 133 32.00 0.94
LINEAR 174 138 25.24 0.91
LINEAR 175 1 13.17 1.96
LINEAR 175 2 14.64 1.75
LINEAR 175 8 20.02 1.13
LINEAR 175 13 30.81 1.34
LINEAR 175 17 35.10 1.18
LINEAR 175 31 38.85 1.28
LINEAR 175 36 41.02 1.04
HARMONIC 175 42 30.95 1.05
HARMONIC 175 54 21.47 1.01
HARMONIC 175 62 34.48 0.94
LINEAR 175 63 34.76 1.65
LINEAR 175 75 23.85 1.60
LINEAR 175 93 32.62 1.47
LINEAR 175 97 27.69 1.41
LINEAR 175 100 23.77 1.34
HARMONIC 175 103 22.83 1.12
LINEAR 175 122 36.10 1.57
HARMONIC 175 124 41.25 1.35
HARMONIC 175 125 40.64 1.50
HARMONIC 175 130 37.23 1.50
HARMONIC 175 133 32.75 1.69
LINEAR 175 147 26.13 1.45
HARMONIC 175 148 29.80 1.37
HARMONIC 175 151 35.25 1.11
HARMONIC 175 156 28.93 1.39
HARMONIC 175 157 28.96 1.16
HARMONIC 175 161 22.39 1.00
HARMONIC 175 162 20.50 1.10
LINEAR 176 4 15.50 1.90
HARMONIC 176 8 21.64 1.37
HARMONIC 176 9 23.02 1.51
LINEAR 176 20 35.22 1.85
HARMONIC 176 21 36.31 2.08
LINEAR 176 22 32.97 1.80
LINEAR 176 29 36.00 1.75
LINEAR 176 34 44.84 1.51
LINEAR 176 36 42.57 1.75
LINEAR 176 37 40.85 1.78
LINEAR 176 43 31.93 1.66
LINEAR 176 47 26.11 1.65
HARMONIC 176 52 22.20 2.01
LINEAR 176 53 24.31 1.97
HARMONIC 176 54 22.40 1.59
HARMONIC 176 58 27.59 1.45
LINEAR 176 74 28.41 2.25
LINEAR 176 77 22.63 2.25
HARMONIC 176 80 19.54 1.63
HARMONIC 176 85 33.35 2.49
HARMONIC 176 86 36.38 2.61
LINEAR 176 87 37.41 2.66
LINEAR 176 103 24.76 1.80
HARMONIC 176 104 23.43 1.80
HARMONIC 176 106 25.77 1.87
HARMONIC 176 107 22.05 1.87
HARMONIC 176 127 44.94 3.00
LINEAR 176 136 29.05 3.18
HARMONIC 176 137 28.94 3.30
LINEAR 176 141 24.63 3.04
LINEAR 176 145 22.15 2.96
LINEAR 176 147 27.51 2.86
HARMONIC 176 154 35.86 2.67
HARMONIC 176 161 23.80 2.11
LINEAR 177 5 20.93 1.91
HARMONIC 177 6 22.15 1.83
LINEAR 177 9 25.01 2.65
LINEAR 177 14 37.60 3.17
LINEAR 177 15 39.75 3.07
HARMONIC 177 16 39.60 2.74
LINEAR 177 20 36.99 2.76
HARMONIC 177 25 36.05 2.45
HARMONIC 177 32 42.63 2.38
HARMONIC 177 36 44.47 2.32
HARMONIC 177 37 42.86 2.17
LINEAR 177 42 34.56 2.44
LINEAR 177 43 33.98 2.49
LINEAR 177 44 31.39 2.43
HARMONIC 177 53 25.93 2.17
LINEAR 177 54 24.20 2.06
LINEAR 177 61 34.79 2.61
LINEAR 177 65 41.49 3.23
LINEAR 177 69 36.70 2.58
HARMONIC 177 77 24.91 2.05
LINEAR 177 81 24.41 2.90
HARMONIC 177 82 26.53 2.68
HARMONIC 177 85 34.68 3.08
LINEAR 177 88 41.92 3.47
HARMONIC 177 90 40.22 3.35
LINEAR 177 91 40.08 3.62
HARMONIC 177 92 37.18 3.14
HARMONIC 177 94 35.98 3.29
LINEAR 177 96 31.42 3.51
LINEAR 177 120 35.36 3.30
LINEAR 177 124 43.67 3.19
LINEAR 177 126 46.10 3.46
LINEAR 177 127 45.86 3.50
HARMONIC 177 135 32.17 3.67
HARMONIC 177 145 22.96 3.52
LINEAR 177 146 26.63 3.49
LINEAR 177 147 28.42 3.35
HARMONIC 177 162 23.16 2.53
HARMONIC 177 164 20.47 2.62
LINEAR 178 2 40.13 2.81
LINEAR 178 15 39.52 2.73
HARMONIC 178 24 28.94 1.76
HARMONIC 178 31 31.00 1.78
HARMONIC 178 35 26.27 1.81
HARMONIC 178 39 29.65 1.33
LINEAR 178 45 27.03 2.04
LINEAR 178 47 31.02 2.28
LINEAR 178 49 37.02 2.26
LINEAR 178 54 32.44 2.35
HARMONIC 178 71 38.25 1.20
HARMONIC 178 82 40.86 1.67
LINEAR 178 84 42.27 2.05
HARMONIC 178 85 44.50 1.59
HARMONIC 178 87 48.91 1.70
HARMONIC 178 91 50.11 1.59
LINEAR 178 104 48.74 1.67
HARMONIC 178 111 47.87 2.10
LINEAR 178 113 46.19 1.77
LINEAR 178 119 45.48 2.45
HARMONIC 178 121 43.25 1.81
LINEAR 178 136 54.03 2.36
LINEAR 178 149 42.65 2.59
HARMONIC 178 153 39.66 1.98
LINEAR 178 162 38.88 2.13
HARMONIC 178 165 39.47 2.03
LINEAR 178 167 44.68 1.88
HARMONIC 178 168 42.27 2.03
HARMONIC 178 172 44.33 2.33
HARMONIC 178 176 53.29 3.35
LINEAR 179 2 38.41 1.80
HARMONIC 179 15 37.56 1.64
LINEAR 179 24 27.65 1.28
HARMONIC 179 27 26.55 1.06
HARMONIC 179 30 28.63 1.37
LINEAR 179 34 25.88 2.12
LINEAR 179 45 25.54 1.02
LINEAR 179 49 36.03 1.00
LINEAR 179 50 38.26 1.18
LINEAR 179 61 32.25 1.04
LINEAR 179 65 39.29 1.26
HARMONIC 179 91 48.26 1.15
HARMONIC 179 110 44.91 0.91
LINEAR 179 118 42.44 0.89
LINEAR 179 123 44.35 1.88
HARMONIC 179 124 46.71 1.40
HARMONIC 179 127 50.81 1.39
HARMONIC 179 132 52.44 1.08
LINEAR 179 151 36.85 1.56
HARMONIC 179 154 37.06 1.31
HARMONIC 179 156 40.54 1.08
LINEAR 179 158 36.00 1.34
HARMONIC 179 172 42.38 1.07
LINEAR 179 175 50.52 1.42
LINEAR 179 177 53.59 2.46
LINEAR 180 0 40.96 3.50
HARMONIC 180 24 29.69 1.00
LINEAR 180 34 28.83 2.03
LINEAR 180 35 27.56 1.84
HARMONIC 180 40 27.18 0.95
LINEAR 180 46 27.11 0.97
HARMONIC 180 49 36.43 1.08
HARMONIC 180 51 36.69 1.27
LINEAR 180 86 46.08 1.04
HARMONIC 180 111 45.60 0.98
LINEAR 180 123 46.83 1.60
LINEAR 180 125 52.21 1.56
LINEAR 180 126 54.80 1.43
HARMONIC 180 127 53.40 1.27
HARMONIC 180 130 54.61 0.99
HARMONIC 180 148 46.70 1.00
LINEAR 180 149 43.44 1.12
HARMONIC 180 153 41.38 1.46
HARMONIC 180 156 42.27 0.99
HARMONIC 181 33 29.77 1.51
HARMONIC 181 37 24.87 1.49
LINEAR 181 52 30.60 1.31
LINEAR 181 54 27.70 1.10
LINEAR 181 64 37.21 1.12
LINEAR 181 124 47.40 1.22
HARMONIC 181 126 52.93 1.12
HARMONIC 181 129 52.61 0.90
HARMONIC 181 153 39.46 1.28
HARMONIC 181 154 37.06 1.07
LINEAR 181 172 38.52 1.20
LINEAR 181 174 43.76 1.22
LINEAR 181 178 8.10 1.04
LINEAR 182 4 32.23 0.99
LINEAR 182 16 33.62 1.76
LINEAR 182 17 35.49 1.08
HARMONIC 182 18 33.05 0.98
HARMONIC 182 31 28.16 1.18
LINEAR 182 33 26.47 1.75
HARMONIC 182 52 30.51 1.13
LINEAR 182 53 26.97 0.97
HARMONIC 182 91 44.96 1.04
LINEAR 182 124 44.33 1.32
LINEAR 182 127 48.36 1.23
LINEAR 182 175 46.01 1.56
LINEAR 182 176 47.02 2.34
LINEAR 183 0 39.69 3.18
LINEAR 183 1 38.48 1.83
LINEAR 183 3 34.07 1.85
LINEAR 183 24 27.24 1.26
LINEAR 183 33 28.68 2.04
HARMONIC 183 34 26.08 1.72
LINEAR 183 36 24.73 2.49
LINEAR 183 63 33.76 1.54
LINEAR 183 65 35.85 1.23
HARMONIC 183 66 33.00 0.99
HARMONIC 183 87 46.36 0.99
LINEAR 183 126 52.04 1.54
HARMONIC 183 131 53.37 0.93
HARMONIC 183 150 40.33 1.09
LINEAR 183 158 35.67 0.92
LINEAR 183 171 41.84 1.16
LINEAR 184 2 33.50 1.97
LINEAR 184 3 31.51 1.99
HARMONIC 184 4 32.22 1.00
LINEAR 184 19 32.64 1.28
HARMONIC 184 28 26.33 1.02
HARMONIC 184 32 29.75 1.06
LINEAR 184 34 27.51 1.88
HARMONIC 184 40 21.79 0.91
LINEAR 184 50 36.85 0.97
LINEAR 184 52 31.83 1.10
HARMONIC 184 53 28.43 0.99
LINEAR 184 126 52.62 1.15
HARMONIC 184 151 37.23 0.97
HARMONIC 184 171 39.60 1.03
HARMONIC 184 174 42.58 1.24
HARMONIC 185 0 34.55 2.80
HARMONIC 185 2 30.94 1.86
HARMONIC 185 34 24.32 1.46
HARMONIC 185 36 22.45 1.60
LINEAR 185 37 19.81 1.73
LINEAR 185 91 42.64 1.04
HARMONIC 185 110 36.15 0.91
HARMONIC 185 126 49.02 0.96
LINEAR 185 175 42.68 1.69
LINEAR 185 177 45.93 2.27
LINEAR 185 178 12.40 1.04
LINEAR 186 3 31.01 1.88
LINEAR 186 17 32.34 1.14
LINEAR 186 31 27.47 1.39
HARMONIC 186 34 22.51 1.53
HARMONIC 186 35 20.31 1.34
LINEAR 186 62 24.88 1.29
HARMONIC 186 91 41.12 1.04
LINEAR 186 120 36.07 1.11
HARMONIC 186 122 40.28 1.02
LINEAR 186 124 42.38 1.23
HARMONIC 186 126 47.83 1.06
LINEAR 187 14 33.59 1.67
LINEAR 187 15 31.82 1.57
LINEAR 187 21 29.57 1.34
LINEAR 187 36 22.69 2.21
LINEAR 187 40 18.31 0.97
LINEAR 187 153 39.35 1.44
HARMONIC 188 4 28.78 0.93
HARMONIC 188 35 22.81 1.19
HARMONIC 188 177 44.78 2.33
HARMONIC 189 1 32.40 1.52
LINEAR 189 2 29.99 1.85
LINEAR 189 15 27.06 1.56
LINEAR 189 36 18.61 2.06
LINEAR 189 123 38.33 1.03
HARMONIC 189 173 35.07 1.00
LINEAR 190 14 28.76 1.57
HARMONIC 190 31 28.24 1.00
LINEAR 190 62 21.02 1.22
LINEAR 190 121 35.89 0.98
HARMONIC 190 153 36.67 1.08
HARMONIC 191 3 29.12 1.71
HARMONIC 191 14 29.87 1.09
LINEAR 191 171 34.99 1.07
LINEAR 191 173 36.32 1.12
LINEAR 192 1 30.71 1.63
LINEAR 192 15 25.82 1.36
LINEAR 192 152 34.31 1.10
LINEAR 192 173 32.77 1.06
HARMONIC 192 177 41.37 2.22
HARMONIC 193 14 24.55 1.12
LINEAR 193 28 23.17 1.33
HARMONIC 193 37 13.26 1.10
HARMONIC 194 0 36.24 2.46
LINEAR 194 14 26.14 1.40
LINEAR 194 16 25.99 1.43
LINEAR 194 172 32.70 1.02
LINEAR 194 177 44.50 2.33
LINEAR 196 16 22.79 1.41
LINEAR 196 28 24.57 1.07
LINEAR 196 178 27.43 1.46
LINEAR 197 2 31.69 1.99
LINEAR 197 175 38.55 1.64
HARMONIC 198 1 34.75 1.69
HARMONIC 198 172 31.37 0.92
HARMONIC 198 174 35.86 1.15
HARMONIC 199 3 27.07 2.07
LINEAR 199 14 22.20 1.32
HARMONIC 199 173 31.61 1.00
HARMONIC 199 174 32.31 1.18
HARMONIC 199 176 36.99 2.03
HARMONIC 200 178 32.65 1.10
LINEAR 201 1 36.40 1.85
HARMONIC 201 3 31.65 2.08
LINEAR 201 15 19.93 1.06
LINEAR 202 174 35.32 1.35
LINEAR 202 177 42.18 2.62
HARMONIC 203 175 35.21 1.54
HARMONIC 203 176 36.85 2.05
HARMONIC 203 178 37.89 1.06
HARMONIC 204 3 31.47 2.13
HARMONIC 204 16 20.75 1.18
LINEAR 204 27 29.06 1.10
HARMONIC 204 173 34.11 0.91
HARMONIC 204 176 38.70 1.95
LINEAR 205 3 34.18 2.10
HARMONIC 205 15 21.11 1.03
HARMONIC 205 30 37.26 0.93
LINEAR 205 175 39.21 2.24
LINEAR 205 178 40.98 1.75
LINEAR 206 0 38.00 3.47
HARMONIC 206 1 36.80 2.03
LINEAR 206 14 20.43 2.21
LINEAR 206 17 26.72 1.87
HARMONIC 206 50 43.31 1.10
LINEAR 206 51 42.92 1.19
HARMONIC 206 52 40.14 0.93
HARMONIC 206 76 14.97 1.03
LINEAR 206 77 17.80 0.95
LINEAR 206 89 30.30 1.60
LINEAR 206 90 30.29 1.71
LINEAR 206 94 26.24 1.63
LINEAR 206 98 19.91 1.35
HARMONIC 206 99 19.30 0.95
LINEAR 206 111 25.77 1.11
LINEAR 206 122 37.45 1.28
HARMONIC 206 125 41.52 1.04
HARMONIC 206 130 35.41 1.20
HARMONIC 206 131 38.11 1.17
LINEAR 206 139 32.54 1.16
HARMONIC 206 142 30.52 1.02
LINEAR 206 144 32.10 1.05
HARMONIC 207 14 22.88 1.27
HARMONIC 207 49 39.33 0.95
LINEAR 207 90 33.02 1.23
HARMONIC 207 110 21.37 1.12
LINEAR 207 178 42.14 1.67
HARMONIC 208 14 22.68 1.63
HARMONIC 208 19 26.35 1.07
HARMONIC 208 21 30.57 1.03
HARMONIC 208 29 36.63 0.98
HARMONIC 208 31 36.64 1.09
HARMONIC 208 34 33.91 1.06
LINEAR 208 36 27.86 1.22
HARMONIC 208 38 22.54 0.97
LINEAR 208 62 18.43 1.62
LINEAR 208 65 16.33 1.38
HARMONIC 208 73 7.72 1.03
LINEAR 208 81 21.33 1.57
LINEAR 208 82 24.15 1.62
LINEAR 208 84 26.92 1.78
LINEAR 208 90 32.80 1.96
LINEAR 208 93 29.62 1.90
HARMONIC 208 97 24.46 1.21
HARMONIC 208 102 16.04 1.19
HARMONIC 208 105 14.24 1.23
HARMONIC 208 109 17.37 1.43
LINEAR 208 123 40.70 1.62
HARMONIC 208 127 42.27 1.34
LINEAR 208 128 40.35 1.82
LINEAR 208 131 39.61 1.98
HARMONIC 208 136 36.08 1.22
LINEAR 208 139 32.08 1.68
HARMONIC 208 141 33.00 1.24
LINEAR 208 156 37.09 1.40
HARMONIC 208 172 26.10 1.16
LINEAR 208 174 29.27 1.56
LINEAR 208 176 33.75 3.49
HARMONIC 209 14 25.15 1.32
LINEAR 209 49 35.58 1.01
LINEAR 209 85 30.74 1.12
LINEAR 209 86 34.22 1.12
HARMONIC 209 89 35.15 1.04
HARMONIC 209 92 29.99 1.02
LINEAR 209 93 31.61 1.15
LINEAR 209 96 26.71 1.12
LINEAR 209 104 17.34 1.16
HARMONIC 209 124 43.18 0.94
HARMONIC 209 127 44.46 0.97
LINEAR 209 130 39.33 1.26
LINEAR 209 134 38.88 1.41
HARMONIC 209 142 30.15 0.91
LINEAR 210 0 26.89 4.12
LINEAR 210 2 23.77 2.39
HARMONIC 210 16 28.65 1.47
LINEAR 210 91 32.41 0.97
LINEAR 210 111 17.06 0.99
LINEAR 210 174 24.04 1.58
HARMONIC 211 3 22.10 2.28
LINEAR 211 63 23.73 1.06
HARMONIC 211 110 16.86 1.12
LINEAR 212 1 27.54 2.08
LINEAR 212 16 26.48 1.52
LINEAR 212 109 18.18 1.52
LINEAR 213 2 22.86 2.28
HARMONIC 213 16 24.07 1.48
LINEAR 214 15 24.92 1.13
LINEAR 215 0 26.06 3.31
HARMONIC 215 16 26.55 1.54
HARMONIC 215 171 23.59 0.92
LINEAR 216 15 21.57 1.19
HARMONIC 216 109 19.86 1.03
LINEAR 217 109 19.00 1.12
HARMONIC 217 177 30.77 2.08
HARMONIC 218 37 19.45 0.99
LINEAR 218 174 24.97 1.26
HARMONIC 219 1 25.33 1.62
HARMONIC 219 28 23.14 0.92
LINEAR 220 1 24.81 1.70
LINEAR 220 15 21.10 1.19
HARMONIC 220 109 23.67 0.95
LINEAR 220 174 27.53 1.16
LINEAR 220 176 32.17 2.20
HARMONIC 220 178 26.63 1.31
HARMONIC 221 29 21.48 0.96
HARMONIC 221 176 30.40 1.68
HARMONIC 222 2 21.69 1.86
LINEAR 222 29 23.51 1.05
HARMONIC 222 109 27.06 1.03
HARMONIC 222 177 35.57 2.14
LINEAR 223 3 22.19 1.86
LINEAR 223 35 17.66 1.25
HARMONIC 223 36 17.28 1.15
HARMONIC 223 37 13.90 1.26
LINEAR 223 172 26.14 1.10
LINEAR 223 174 31.37 1.19
HARMONIC 223 175 34.50 1.24
LINEAR 223 176 35.81 2.11
LINEAR 223 177 38.06 2.26
LINEAR 224 28 15.16 1.04
LINEAR 224 173 27.73 1.03
LINEAR 224 175 33.01 1.27
HARMONIC 224 177 36.50 1.98
LINEAR 224 178 21.67 1.53
HARMONIC 225 31 22.54 0.93
LINEAR 225 34 21.29 1.43
HARMONIC 225 36 19.07 1.21
LINEAR 225 109 29.87 1.11
HARMONIC 226 33 23.56 1.12
HARMONIC 226 34 21.37 1.25
LINEAR 226 171 30.03 1.21
LINEAR 226 173 30.90 1.16
HARMONIC 226 175 36.42 1.28
HARMONIC 227 28 15.20 0.99
LINEAR 227 31 20.65 1.23
HARMONIC 227 37 13.36 1.49
LINEAR 227 124 35.62 0.88
LINEAR 227 127 39.51 0.91
LINEAR 227 174 34.47 1.29
LINEAR 227 176 38.67 2.03
HARMONIC 228 31 20.12 1.09
LINEAR 228 63 25.72 1.26
LINEAR 228 123 33.07 1.09
LINEAR 228 125 38.21 1.09
HARMONIC 228 127 39.91 0.94
LINEAR 228 150 28.21 1.17
LINEAR 229 14 31.61 1.16
HARMONIC 229 33 23.54 1.34
LINEAR 229 37 18.55 1.81
HARMONIC 229 50 27.12 0.94
LINEAR 229 111 33.69 1.36
LINEAR 229 151 28.77 1.29
LINEAR 229 152 30.75 1.46
LINEAR 229 175 38.16 1.51
LINEAR 230 29 20.86 1.46
LINEAR 230 36 19.09 2.34
HARMONIC 230 50 29.83 0.96
LINEAR 230 52 25.82 1.03
LINEAR 230 91 39.85 1.14
LINEAR 230 150 32.04 1.30
LINEAR 230 152 30.28 1.62
LINEAR 230 173 35.56 1.06
LINEAR 230 174 38.25 1.18
HARMONIC 230 175 41.15 1.27
HARMONIC 230 176 42.22 1.81
HARMONIC 230 177 44.32 2.15
HARMONIC 231 1 31.87 1.89
HARMONIC 231 14 31.35 1.07
LINEAR 231 20 21.12 1.03
LINEAR 231 34 18.24 1.70
LINEAR 231 48 21.93 1.15
LINEAR 231 49 25.35 1.18
LINEAR 231 53 20.78 1.19
LINEAR 231 65 32.95 1.31
LINEAR 231 121 32.03 1.05
LINEAR 231 122 34.61 1.25
LINEAR 231 150 29.92 1.42
LINEAR 231 154 26.37 1.44
LINEAR 231 174 38.21 1.14
HARMONIC 232 2 28.30 2.02
HARMONIC 232 4 26.13 1.11
LINEAR 232 16 30.85 1.82
HARMONIC 232 21 24.34 1.05
LINEAR 232 25 21.16 1.25
LINEAR 232 30 20.52 1.43
HARMONIC 232 31 22.91 1.32
HARMONIC 232 47 18.51 0.98
HARMONIC 232 52 22.80 1.36
LINEAR 232 63 31.34 1.40
LINEAR 232 110 36.60 1.64
LINEAR 232 120 33.31 0.96
HARMONIC 232 124 39.56 1.19
HARMONIC 232 126 45.05 1.22
HARMONIC 232 154 28.14 1.20
HARMONIC 232 157 27.46 0.91
HARMONIC 232 173 34.54 1.25
LINEAR 232 174 37.55 1.30
LINEAR 233 0 34.35 3.44
HARMONIC 233 1 33.27 2.03
LINEAR 233 21 27.27 1.21
HARMONIC 233 24 22.43 0.93
HARMONIC 233 25 24.47 0.96
LINEAR 233 37 22.17 1.82
HARMONIC 233 40 22.83 0.94
LINEAR 233 46 18.99 0.91
HARMONIC 233 49 28.18 1.07
LINEAR 233 51 28.72 1.28
HARMONIC 233 53 22.70 1.28
HARMONIC 233 87 42.99 0.92
LINEAR 233 119 38.76 0.97
HARMONIC 233 124 42.50 1.21
LINEAR 233 127 46.91 1.37
LINEAR 233 133 50.19 0.91
LINEAR 233 156 34.26 1.19
HARMONIC 233 174 40.74 1.18
